00000000000000
00000000000000
00000000000000
00000000000000
00000000000001
00000000000011
00000000000110
00000000000111
00000000001001
00000000001101
00000000001111
00000000010001
00000000010010
00000000010010
00000000010101
00000000011000
00000000011001
00000000011011
00000000011101
00000000011101
00000000011101
00000000011111
00000000100000
00000000100010
00000000100011
00000000100011
00000000100101
00000000100111
00000000101000
00000000101010
00000000101100
00000000101110
00000000101110
00000000110000
00000000110010
00000000110011
00000000110110
00000000111001
00000000111100
00000000111111
00000001000011
00000001000110
00000001001001
00000001001101
00000001001110
00000001001111
00000001010011
00000001010110
00000001011000
00000001011011
00000001011101
00000001011110
00000001100000
00000001100010
00000001100011
00000001100101
00000001100111
00000001101010
00000001101101
00000001110000
00000001110010
00000001110100
00000001110111
00000001111011
00000001111101
00000010000001
00000010000100
00000010000101
00000010000111
00000010001000
00000010001010
00000010001010
00000010000111
00000010001000
00000010001010
00000010001001
00000010001011
00000010001001
00000010001001
00000010001001
00000010001001
00000010001010
00000010001011
00000010001101
00000010001100
00000010001110
00000010001111
00000010010000
00000010010001
00000010010010
00000010010011
00000010010101
00000010010101
00000010010100
00000010010100
00000010010110
00000010010110
00000010010110
00000010011001
00000010010111
00000010010011
00000010010011
00000010010010
00000010010000
00000010001111
00000010001110
00000010001011
00000010001010
00000010001100
00000010001010
00000010001000
00000010001001
00000010000111
00000010000111
00000010000111
00000010000111
00000010000110
00000010000111
00000010001000
00000010001001
00000010000110
00000010000101
00000010000100
00000010000100
00000010000100
00000010000001
00000010000000
00000001111111
00000001111101
00000001111101
00000001111101
00000001111011
00000001111010
00000001111010
00000001111000
00000001110111
00000001110101
00000001110100
00000001110101
00000001110100
00000001110010
00000001110001
00000001110010
00000001101111
00000001101101
00000001101100
00000001101011
00000001101010
00000001101000
00000001100111
00000001100110
00000001100110
00000001100101
00000001100011
00000001100010
00000001100000
00000001011111
00000001011101
00000001011100
00000001011101
00000001011011
00000001011001
00000001011010
00000001011100
00000001011100
00000001011011
00000001011011
00000001011010
00000001011000
00000001011000
00000001011001
00000001010101
00000001010101
00000001010101
00000001010011
00000001010100
00000001010011
00000001010010
00000001010010
00000001010010
00000001010001
00000001001110
00000001001100
00000001001100
00000001001100
00000001001101
00000001001010
00000001001010
00000001001011
00000001001010
00000001001001
00000001001000
00000001000110
00000001000101
00000001000011
00000001000001
00000001000000
00000001000000
00000001000001
00000001000001
00000000111111
00000001000000
00000001000001
00000001000001
00000001000001
00000001000010
00000001000100
00000001000100
00000001000101
00000001000110
00000001000111
00000001000111
00000001000101
00000001000101
00000001000110
00000001000111
00000001000110
00000001000110
00000001000111
00000001000111
00000001001010
00000001001010
00000001001010
00000001001010
00000001001010
00000001001001
00000001001000
00000001000110
00000001000111
00000001001000
00000001001000
00000001001011
00000001001011
00000001001011
00000001001011
00000001001100
00000001001010
00000001001010
00000001001011
00000001001011
00000001001011
00000001001011
00000001001011
00000001001011
00000001001011
00000001001011
00000001001010
00000001001010
00000001000111
00000001001001
00000001001000
00000001001000
00000001001010
00000001001101
00000001001101
00000001001101
00000001001111
00000001010000
00000001010011
00000001010100
00000001010101
00000001010100
00000001010111
00000001011001
00000001011000
00000001011000
00000001011000
00000001011001
00000001011010
00000001011010
00000001011011
00000001011011
00000001011011
00000001011101
00000001011100
00000001011110
00000001011111
00000001011111
00000001011110
00000001100000
00000001100010
00000001100010
00000001100011
00000001100010
00000001100010
00000001100011
00000001100010
00000001100100
00000001100101
00000001100110
00000001101000
00000001101000
00000001101001
00000001101011
00000001101010
00000001101010
00000001101011
00000001101101
00000001101101
00000001110000
00000001110011
00000001110100
00000001110110
00000001110110
00000001110111
00000001111000
00000001111010
00000001111101
00000001111110
00000010000001
00000010000010
00000010000101
00000010000011
00000010000110
00000010000101
00000010000100
00000010000010
00000010000011
00000010000101
00000010000011
00000010000110
00000010000110
00000010000101
00000010000101
00000010000101
00000010000101
00000010000010
00000010000100
00000010000101
00000010000111
00000010001001
00000010000111
00000010000110
00000010001001
00000010001001
00000010001010
00000010001000
00000010001010
00000010001010
00000010001010
00000010001010
00000010001010
00000010001010
00000010001001
00000010001100
00000010001011
00000010001100
00000010001011
00000010001011
00000010001101
00000010001101
00000010001011
00000010001100
00000010001100
00000010001011
00000010001010
00000010000111
00000010001000
00000010001000
00000010001000
00000010001000
00000010001010
00000010001011
00000010001000
00000010000111
00000010000110
00000010000101
00000010000110
00000010000101
00000010000101
00000010000011
00000010000010
00000010000011
00000010000011
00000010000010
00000010000010
00000010000010
00000010000100
00000010000001
00000010000001
00000010000100
00000010000010
00000010000000
00000001111101
00000001111011
00000001111011
00000001111011
00000001111011
00000001111010
00000001111011
00000001111010
00000001111001
00000001110111
00000001110101
00000001110100
00000001110100
00000001110010
00000001110010
00000001110010
00000001110001
00000001101111
00000001101111
00000001101101
00000001101111
00000001101111
00000001101100
00000001101011
00000001101000
00000001101000
00000001100111
00000001100111
00000001100110
00000001100101
00000001100010
00000001100010
00000001100001
00000001011111
00000001011110
00000001011101
00000001011110
00000001011101
00000001011011
00000001011010
00000001011010
00000001011001
00000001010110
00000001011000
00000001010110
00000001010101
00000001010110
00000001010100
00000001010011
00000001010000
00000001010000
00000001010000
00000001001101
00000001001011
00000001001011
00000001001100
00000001001001
00000001001000
00000001001010
00000001001010
00000001000110
00000001000111
00000001000111
00000001000111
00000001000110
00000001000100
00000001000100
00000001000011
00000001000001
00000001000001
00000001000010
00000001000011
00000001000011
00000001000010
00000001000010
00000001000010
00000001000001
00000000111111
00000000111101
00000000111111
00000000111111
00000000111110
00000001000000
00000000111110
00000000111101
00000000111111
00000000111110
00000000111111
00000000111110
00000000111111
00000001000001
00000001000000
00000000111111
00000000111111
00000000111111
00000001000000
00000001000000
00000000111111
00000001000000
00000001000000
00000000111110
00000001000000
00000001000000
00000000111111
00000000111101
00000000111101
00000000111100
00000000111100
00000000111101
00000000111101
00000000111101
00000000111111
00000001000000
00000001000000
00000001000000
00000001000000
00000000111111
00000001000000
00000001000000
00000001000001
00000001000000
00000001000001
00000001000010
00000001000101
00000001000011
00000001000100
00000001000100
00000001000110
00000001000111
00000001000111
00000001001001
00000001001011
00000001001101
00000001001011
00000001001001
00000001001010
00000001001101
00000001001100
00000001001011
00000001001110
00000001001101
00000001010000
00000001010000
00000001010001
00000001010010
00000001010001
00000001010010
00000001010101
00000001010101
00000001010100
00000001010110
00000001010111
00000001010111
00000001010100
00000001010101
00000001010110
00000001011000
00000001011001
00000001011001
00000001011010
00000001011101
00000001011101
00000001011101
00000001011110
00000001011111
00000001100000
00000001100010
00000001100100
00000001100101
00000001100111
00000001101000
00000001101000
00000001101001
00000001101011
00000001101100
00000001101110
00000001110001
00000001110000
00000001110010
00000001110011
00000001110011
00000001110100
00000001110110
00000001110111
00000001110111
00000001110110
00000001110111
00000001111001
00000001111010
00000001111011
00000001111100
00000001111101
00000001111111
00000010000001
00000010000001
00000010000001
00000010000010
00000010000101
00000010000100
00000010000100
00000010000111
00000010001010
00000010001001
00000010001001
00000010001000
00000010000110
00000010000111
00000010000111
00000010001001
00000010001010
00000010001001
00000010001011
00000010001011
00000010001010
00000010001010
00000010001010
00000010001100
00000010001101
00000010001100
00000010001100
00000010001111
00000010001111
00000010001111
00000010001101
00000010001110
00000010001110
00000010001110
00000010001110
00000010001110
00000010001101
00000010001011
00000010001011
00000010001010
00000010001011
00000010001010
00000010001001
00000010001000
00000010000110
00000010000101
00000010000011
00000010000010
00000010000010
00000010000011
00000010000010
00000010000100
00000010000001
00000010000001
00000010000000
00000010000000
00000001111111
00000001111110
00000001111100
00000001111011
00000001111010
00000001111000
00000001110111
00000001110101
00000001110110
00000001110101
00000001110101
00000001110100
00000001110011
00000001110010
00000001101110
00000001101111
00000001101111
00000001101111
00000001110000
00000001110001
00000001101111
00000001110000
00000001101111
00000001101111
00000001101111
00000001101110
00000001101111
00000001101111
00000001101111
00000001110000
00000001101101
00000001101101
00000001101100
00000001101010
00000001101000
00000001100111
00000001100111
00000001100110
00000001100110
00000001100101
00000001100110
00000001100101
00000001100101
00000001100110
00000001100110
00000001100101
00000001100101
00000001100101
00000001100101
00000001100100
00000001100011
00000001100100
00000001100011
00000001100011
00000001100011
00000001100100
00000001100010
00000001100010
00000001100001
00000001100010
00000001100001
00000001100001
00000001011111
00000001011110
00000001011101
00000001011111
00000001100000
00000001011111
00000001100000
00000001100000
00000001011111
00000001011101
00000001011100
00000001011011
00000001011010
00000001011010
00000001011001
00000001011001
00000001011000
00000001011001
00000001010111
00000001010100
00000001010100
00000001010100
00000001010010
00000001010001
00000001010001
00000001001111
00000001001101
00000001001011
00000001001010
00000001001010
00000001001001
00000001001001
00000001001000
00000001001001
00000001001010
00000001001010
00000001001011
00000001001010
00000001001001
00000001001001
00000001001000
00000001000111
00000001000110
00000001000110
00000001000110
00000001000110
00000001001000
00000001000110
00000001000110
00000001000101
00000001000101
00000001000110
00000001000110
00000001000111
00000001000111
00000001000111
00000001000110
00000001000110
00000001000110
00000001000110
00000001000110
00000001001000
00000001001000
00000001001001
00000001001011
00000001001010
00000001001010
00000001001010
00000001001011
00000001001010
00000001001010
00000001001010
00000001001010
00000001001100
00000001001101
00000001001110
00000001001111
00000001010010
00000001010010
00000001010011
00000001010001
00000001010011
00000001010101
00000001010100
00000001010101
00000001010110
00000001010111
00000001010110
00000001010110
00000001011000
00000001011010
00000001011001
00000001011000
00000001011000
00000001011010
00000001011011
00000001011101
00000001011101
00000001011110
00000001100000
00000001100011
00000001100100
00000001100100
00000001100110
00000001101000
00000001100111
00000001100111
00000001101000
00000001101001
00000001100111
00000001101000
00000001101000
00000001101010
00000001101100
00000001101110
00000001101110
00000001101101
00000001101100
00000001101110
00000001101111
00000001110000
00000001110001
00000001110000
00000001110010
00000001110010
00000001110011
00000001110011
00000001110011
00000001110011
00000001110100
00000001110101
00000001110100
00000001111000
00000001111001
00000001111010
00000001111101
00000001111010
00000001111010
00000001111010
00000001111011
00000001111001
00000001111010
00000001111001
00000001111010
00000001111011
00000001111011
00000001111101
00000001111100
00000001111110
00000001111101
00000001111110
00000010000000
00000001111110
00000001111110
00000010000000
00000010000010
00000010000010
00000010000010
00000010000011
00000010000100
00000010000011
00000010000100
00000010000100
00000010000100
00000010000101
00000010000101
00000010000100
00000010000101
00000010000110
00000010000101
00000010000100
00000010000101
00000010000110
00000010000111
00000010001000
00000010001000
00000010000110
00000010000110
00000010000110
00000010000110
00000010000111
00000010000110
00000010000101
00000010000101
00000010000100
00000010000011
00000010000001
00000010000000
00000001111111
00000010000001
00000010000011
00000010000100
00000010000100
00000010000011
00000010000100
00000010000001
00000010000001
00000001111111
00000001111101
00000001111110
00000001111100
00000001111011
00000001111001
00000001111001
00000001111001
00000001111010
00000001111010
00000001111001
00000001111010
00000001111000
00000001111001
00000001111010
00000001111010
00000001111010
00000001111010
00000001111001
00000001111010
00000001111001
00000001111000
00000001110111
00000001111000
00000001110111
00000001110100
00000001110010
00000001110010
00000001110000
00000001101101
00000001101100
00000001101101
00000001101100
00000001101001
00000001101001
00000001101001
00000001101001
00000001100111
00000001100111
00000001100101
00000001100011
00000001100011
00000001100100
00000001100001
00000001100000
00000001011111
00000001011110
00000001011111
00000001011110
00000001011101
00000001011100
00000001011101
00000001011011
00000001011010
00000001011001
00000001010110
00000001010100
00000001010011
00000001010010
00000001010010
00000001010000
00000001010001
00000001010000
00000001010001
00000001010000
00000001010001
00000001010010
00000001010001
00000001010010
00000001010000
00000001001110
00000001001110
00000001001101
00000001001100
00000001001010
00000001001001
00000001001001
00000001000111
00000001000111
00000001000110
00000001000101
00000001000110
00000001000100
00000001000101
00000001000100
00000001000100
00000001000100
00000001000011
00000001000100
00000001000100
00000001000001
00000001000001
00000001000000
00000000111111
00000000111110
00000000111110
00000001000000
00000001000000
00000001000000
00000000111111
00000001000000
00000000111111
00000000111111
00000000111111
00000000111111
00000000111101
00000001000000
00000000111110
00000000111110
00000001000000
00000000111111
00000000111111
00000001000000
00000001000001
00000001000001
00000001000011
00000001000101
00000001000101
00000001000110
00000001000110
00000001000101
00000001000101
00000001000101
00000001000110
00000001000101
00000001000100
00000001000011
00000001000011
00000001000100
00000001000101
00000001000110
00000001000111
00000001001000
00000001001001
00000001001010
00000001001100
00000001001011
00000001001100
00000001001101
00000001001100
00000001001110
00000001001101
00000001001101
00000001001110
00000001001110
00000001001111
00000001001111
00000001010000
00000001010010
00000001010010
00000001010011
00000001010011
00000001010101
00000001010111
00000001011001
00000001011010
00000001011010
00000001011001
00000001011100
00000001011100
00000001011100
00000001011101
00000001011111
00000001011111
00000001100001
00000001100100
00000001100101
00000001100101
00000001101001
00000001101000
00000001101010
00000001101100
00000001101101
00000001101110
00000001101111
00000001110001
00000001110011
00000001110101
00000001110100
00000001110011
00000001110011
00000001110101
00000001110110
00000001111000
00000001111010
00000001111000
00000001111011
00000001111101
00000010000000
00000010000010
00000010000011
00000010000010
00000010000010
00000010000010
00000010000001
00000010000010
00000010000011
00000010000010
00000010000010
00000010000011
00000010000011
00000010000101
00000010000101
00000010000101
00000010000101
00000010000111
00000010001000
00000010001001
00000010001010
00000010001011
00000010001011
00000010001100
00000010001101
00000010001101
00000010001101
00000010001110
00000010001101
00000010001100
00000010001110
00000010010000
00000010010000
00000010001111
00000010001111
00000010010000
00000010001101
00000010001101
00000010001101
00000010001110
00000010001100
00000010001011
00000010001011
00000010001000
00000010001000
00000010000110
00000010000101
00000010000100
00000010000100
00000010000011
00000010000100
00000010000011
00000010000010
00000010000010
00000010000011
00000010000101
00000010000011
00000010000100
00000010000010
00000010000010
00000010000100
00000010000001
00000001111110
00000001111100
00000001111010
00000001111001
00000001111010
00000001111010
00000001111001
00000001111010
00000001111010
00000001111011
00000001111100
00000001111011
00000001111101
00000001111101
00000001111011
00000001111100
00000001111011
00000001111010
00000001111011
00000001111010
00000001111000
00000001110101
00000001110011
00000001110011
00000001110001
00000001110000
00000001110000
00000001110000
00000001101110
00000001101111
00000001101101
00000001101011
00000001101010
00000001101000
00000001101000
00000001100110
00000001100111
00000001100111
00000001101000
00000001100111
00000001100101
00000001100111
00000001100111
00000001101000
00000001100111
00000001101000
00000001101000
00000001100111
00000001100110
00000001100100
00000001100010
00000001100001
00000001011101
00000001011011
00000001011101
00000001011100
00000001011010
00000001011000
00000001010111
00000001010111
00000001010101
00000001010110
00000001010101
00000001010101
00000001010110
00000001010111
00000001010110
00000001010100
00000001010010
00000001010001
00000001010001
00000001010000
00000001001110
00000001001110
00000001001101
00000001001100
00000001001100
00000001001011
00000001001010
00000001001000
00000001001001
00000001000110
00000001000101
00000001000110
00000001000111
00000001001000
00000001000111
00000001000101
00000001000110
00000001000101
00000001000100
00000001000011
00000001000010
00000001000011
00000001000010
00000001000000
00000001000000
00000001000001
00000001000001
00000001000001
00000001000001
00000001000001
00000001000001
00000001000000
00000000111111
00000001000000
00000000111110
00000001000000
00000000111101
00000000111101
00000000111110
00000000111101
00000000111101
00000000111110
00000000111111
00000001000001
00000001000001
00000001000001
00000001000010
00000001000010
00000001000101
00000001000111
00000001001000
00000001000111
00000001000101
00000001000101
00000001000111
00000001001000
00000001000110
00000001001000
00000001001001
00000001001010
00000001001001
00000001001011
00000001001011
00000001001010
00000001001011
00000001001100
00000001001011
00000001001011
00000001001101
00000001001111
00000001010010
00000001010001
00000001010010
00000001010001
00000001010001
00000001010011
00000001010001
00000001010010
00000001010100
00000001010010
00000001010101
00000001011000
00000001011000
00000001011010
00000001011011
00000001011101
00000001100001
00000001100011
00000001100011
00000001100100
00000001100011
00000001100101
00000001100011
00000001100110
00000001100111
00000001101000
00000001101000
00000001101001
00000001101010
00000001101101
00000001101110
00000001101101
00000001101110
00000001110001
00000001110010
00000001110001
00000001110001
00000001110011
00000001110011
00000001110010
00000001110011
00000001110001
00000001110001
00000001110010
00000001110010
00000001110011
00000001110100
00000001110100
00000001110011
00000001110011
00000001110100
00000001110101
00000001110110
00000001111000
00000001110110
00000001110110
00000001110101
00000001110110
00000001110101
00000001111000
00000001111001
00000001111010
00000001111010
00000001111001
00000001111010
00000001111101
00000001111110
00000010000001
00000010000001
00000010000001
00000010000010
00000010000100
00000010001000
00000010000110
00000010000110
00000010000111
00000010000101
00000010000110
00000010000110
00000010000110
00000010000100
00000010000101
00000010000101
00000010000111
00000010000111
00000010001000
00000010000111
00000010000111
00000010000101
00000010000110
00000010000100
00000010000100
00000010000100
00000010000100
00000010000100
00000010000110
00000010000100
00000010000011
00000010000011
00000010000000
00000010000000
00000010000010
00000010000001
00000010000000
00000010000010
00000010000001
00000010000000
00000010000011
00000010000001
00000010000011
00000010000010
00000010000011
00000010000100
00000010000011
00000010000010
00000010000000
00000001111111
00000010000000
00000010000000
00000010000010
00000010000011
00000010000001
00000010000000
00000001111111
00000001111110
00000001111100
00000001111011
00000001111011
00000001111010
00000001111001
00000001110111
00000001110110
00000001111000
00000001110101
00000001110011
00000001101111
00000001101111
00000001101101
00000001101100
00000001101100
00000001101011
00000001101010
00000001101000
00000001101000
00000001100111
00000001100111
00000001100100
00000001100100
00000001100010
00000001100100
00000001100001
00000001100010
00000001100000
00000001100000
00000001100000
00000001011101
00000001011100
00000001011011
00000001011011
00000001011100
00000001011010
00000001011010
00000001011011
00000001011010
00000001011010
00000001011010
00000001011010
00000001011001
00000001011000
00000001010111
00000001010101
00000001010110
00000001010100
00000001010010
00000001010000
00000001001111
00000001001101
00000001001101
00000001001111
00000001001110
00000001001110
00000001001101
00000001001100
00000001001001
00000001001010
00000001000111
00000001000110
00000001000110
00000001000110
00000001000101
00000001000100
00000001000100
00000001000100
00000001000011
00000001000010
00000000111111
00000001000000
00000000111111
00000001000001
00000001000001
00000000111111
00000000111111
00000000111111
00000000111110
00000000111111
00000000111110
00000000111101
00000000111100
00000000111011
00000000111100
00000000111100
00000000111101
00000000111011
00000000111101
00000000111100
00000000111100
00000000111101
00000000111011
00000000111101
00000000111110
00000001000000
00000000111110
00000000111100
00000000111110
00000000111101
00000000111110
00000000111110
00000000111101
00000000111110
00000000111100
00000000111100
00000000111101
00000000111111
00000000111110
00000000111110
00000000111111
00000001000010
00000001000001
00000001000011
00000001000100
00000001000011
00000001000100
00000001000011
00000001000100
00000001000100
00000001000011
00000001000100
00000001000101
00000001000111
00000001001000
00000001001000
00000001001001
00000001001010
00000001001010
00000001001001
00000001001011
00000001001100
00000001001110
00000001001101
00000001001110
00000001010000
00000001010000
00000001010010
00000001010010
00000001010010
00000001010100
00000001010100
00000001010101
00000001010110
00000001010111
00000001011000
00000001011011
00000001011100
00000001011011
00000001011011
00000001011011
00000001011011
00000001011111
00000001100000
00000001100001
00000001100011
00000001100010
00000001100011
00000001100010
00000001100011
00000001100101
00000001100011
00000001100100
00000001100110
00000001100111
00000001100111
00000001100111
00000001100111
00000001101000
00000001101001
00000001100111
00000001101001
00000001101010
00000001101011
00000001101001
00000001101100
00000001101100
00000001101110
00000001110000
00000001110000
00000001110011
00000001110011
00000001110101
00000001110111
00000001111000
00000001111010
00000001111001
00000001111010
00000001111011
00000001111011
00000001111011
00000001111011
00000001111110
00000001111110
00000001111110
00000001111111
00000010000001
00000010000100
00000010000100
00000010000110
00000010000110
00000010000101
00000010000110
00000010000110
00000010001000
00000010000111
00000010001000
00000010001010
00000010001011
00000010001010
00000010001100
00000010001101
00000010001101
00000010001101
00000010001011
00000010001010
00000010001001
00000010000111
00000010000110
00000010001000
00000010001001
00000010001011
00000010001101
00000010001100
00000010001111
00000010010000
00000010001111
00000010001110
00000010010000
00000010010000
00000010010000
00000010010001
00000010010010
00000010010010
00000010010000
00000010001111
00000010001110
00000010001110
00000010001101
00000010001100
00000010001011
00000010001010
00000010001000
00000010000101
00000010000101
00000010000010
00000010000010
00000010000000
00000001111110
00000001111110
00000001111110
00000001111110
00000001111101
00000001111100
00000001111011
00000001111011
00000001111011
00000001111100
00000001111010
00000001111001
00000001111000
00000001111000
00000001110110
00000001110100
00000001110100
00000001110101
00000001110011
00000001110011
00000001110010
00000001110001
00000001101111
00000001101111
00000001101111
00000001101101
00000001101100
00000001101100
00000001101011
00000001101011
00000001101101
00000001101101
00000001101101
00000001101111
00000001101100
00000001101011
00000001101000
00000001100110
00000001100110
00000001100100
00000001100011
00000001100011
00000001100011
00000001100010
00000001100010
00000001100001
00000001100000
00000001011101
00000001011100
00000001011101
00000001011100
00000001011101
00000001011100
00000001011100
00000001011011
00000001011010
00000001011000
00000001011000
00000001011001
00000001011000
00000001011000
00000001010101
00000001010101
00000001010011
00000001010011
00000001010011
00000001010001
00000001010000
00000001001110
00000001001110
00000001001011
00000001001010
00000001001001
00000001001000
00000001000111
00000001000110
00000001000101
00000001000100
00000001000100
00000001000011
00000001000011
00000001000100
00000001000011
00000001000010
00000001000000
00000000111111
00000000111110
00000000111100
00000000111011
00000000111010
00000000111010
00000000111001
00000000110111
00000000110100
00000000110011
00000000110100
00000000110100
00000000110101
00000000110011
00000000110011
00000000110010
00000000110011
00000000110011
00000000110101
00000000110110
00000000110111
00000000110110
00000000110100
00000000110111
00000000110111
00000000110111
00000000110111
00000000110111
00000000110111
00000000110110
00000000110110
00000000110111
00000000111000
00000000111000
00000000111001
00000000111100
00000000111010
00000000111011
00000000111100
00000000111111
00000001000000
00000001000001
00000001000001
00000001000010
00000001000101
00000001000110
00000001001000
00000001001010
00000001001100
00000001001100
00000001001100
00000001001101
00000001001101
00000001001111
00000001010000
00000001010010
00000001010010
00000001010011
00000001010011
00000001010100
00000001010101
00000001010111
00000001011001
00000001011001
00000001011010
00000001011011
00000001011010
00000001011100
00000001011110
00000001011111
00000001100001
00000001100010
00000001100010
00000001100001
00000001100010
00000001100100
00000001100100
00000001100101
00000001100110
00000001100101
00000001100111
00000001100111
00000001100101
00000001100011
00000001100101
00000001100111
00000001101000
00000001101010
00000001101101
00000001110000
00000001110010
00000001110011
00000001110100
00000001110110
00000001110101
00000001110111
00000001111000
00000001111010
00000001111010
00000001111011
00000001111011
00000001111100
00000001111100
00000001111100
00000010000000
00000010000001
00000010000011
00000001111111
00000010000000
00000010000001
00000010000010
00000010000011
00000010000110
00000010001000
00000010001001
00000010001000
00000010001000
00000010001000
00000010000111
00000010001000
00000010001000
00000010001010
00000010001001
00000010001010
00000010001001
00000010001001
00000010001010
00000010001000
00000010001000
00000010001000
00000010001001
00000010001000
00000010001010
00000010001010
00000010001010
00000010001100
00000010001101
00000010001100
00000010001100
00000010001110
00000010010000
00000010010000
00000010010000
00000010001111
00000010001111
00000010010010
00000010010010
00000010010001
00000010001111
00000010001111
00000010001110
00000010001101
00000010001011
00000010001001
00000010001001
00000010001000
00000010000111
00000010001001
00000010001001
00000010001010
00000010001000
00000010001001
00000010001010
00000010001011
00000010001100
00000010001010
00000010001010
00000010000111
00000010000110
00000010000011
00000010000110
00000010000110
00000010000100
00000010000001
00000010000001
00000001111110
00000001111011
00000001111010
00000001111010
00000001111001
00000001111011
00000001111001
00000001111010
00000001111010
00000001111000
00000001110111
00000001110101
00000001110100
00000001110011
00000001110011
00000001110100
00000001110101
00000001110110
00000001110111
00000001110100
00000001110001
00000001110000
00000001110000
00000001110001
00000001101111
00000001101101
00000001101100
00000001101010
00000001101001
00000001100111
00000001100111
00000001100110
00000001100110
00000001100011
00000001100011
00000001100010
00000001100100
00000001100010
00000001100000
00000001011110
00000001011111
00000001011110
00000001011100
00000001011110
00000001011101
00000001011010
00000001011000
00000001010111
00000001010101
00000001010100
00000001010010
00000001010000
00000001001111
00000001001111
00000001001110
00000001001110
00000001001110
00000001001110
00000001001011
00000001001001
00000001001001
00000001001010
00000001001000
00000001001001
00000001001011
00000001001011
00000001001011
00000001001010
00000001001000
00000001001000
00000001000111
00000001000101
00000001000110
00000001000110
00000001000110
00000001000110
00000001001000
00000001001000
00000001000110
00000001000100
00000001000101
00000001000011
00000001000100
00000001000101
00000001000100
00000001000101
00000001000110
00000001000101
00000001000101
00000001000111
00000001000110
00000001000110
00000001000111
00000001000101
00000001000110
00000001000110
00000001000111
00000001000111
00000001000110
00000001000110
00000001000111
00000001001000
00000001001010
00000001001000
00000001001000
00000001001001
00000001001000
00000001000111
00000001001000
00000001000111
00000001000110
00000001000101
00000001000111
00000001000111
00000001001001
00000001001000
00000001001001
00000001001010
00000001001011
00000001001100
00000001001100
00000001001110
00000001001111
00000001010001
00000001010001
00000001010000
00000001010000
00000001001111
00000001001110
00000001001111
00000001001110
00000001001111
00000001010001
